score():

ecoli x_gen = ndarray:(227,1076) [[-0.09623551 -0.12237125 -0.1326833  ... -0.04031699 -0.04888366,  -0.01351203], [-0.1522521  -0.21165983 -0.09164781 ... -0.02517399 -0.16930483,   0.154571  ], [-0.14887862 -0.18418016 -0.03494988 ... -0.03237887 -0.09013516,   0.18349093], ..., [-0.249

mygan xgen = ndarray(12,51) [[ 2.54031211e-01  3.66943687e-01  2.17255116e-01 -3.48798325e-03,   1.64924935e-01 -4.52753305e-02  2.03415062e-02 -1.47378996e-01,   1.24126725e-01  2.80402839e-01  2.98290756e-02 -1.43434897e-01,   1.70310289e-01  4.62909639e-02  2.26469517e-01  1.15663

ecoli gamma_dx_dz = 0.23020005727500648

mygan gamma_dx_dz = 


========================
gamma_coef(x,y):

ecoli x = ndarray(227, 1076): [[-2.3768957e-01 -3.5587206e-01  5.2986503e-02 ... -4.9751621e-01,  -7.7653712e-01  2.1065389e-01], [-7.1968615e-01 -6.2143451e-01 -1.4669235e-01 ... -8.5864335e-01,  -8.5925764e-01  1.5860821e-01], [-7.8369337e-01 -4.3150085e-01 -3.8992867e-02 ... -1.1278

ecoli y = ndarray(227, 1076): [[-0.37502387 -0.14359231  0.18369603 ...  0.01618199 -0.08740377,   0.34969077], [ 0.09107185  0.09858743 -0.04158447 ... -0.26396722 -0.6797667,   0.31748983], [-0.3042366  -0.1494051   0.15535417 ...  0.31129852  0.47087476,   0.256384  ], ..., [-0.1890


ecoli dists_y = ndarray(578350,) [0.51548064 0.7321513  0.38606268 0.6262431  0.5309752  1.6313027, 1.823178   0.6690242  1.6178514  0.96237963 1.6734669  1.5685837, 0.74300873 0.6768406  0.1745584  1.0331757  1.1253005  1.7468877, 1.6678783  0.9605113  1.2803802  1.7528454  1.5748379  1.

ecoli dists_x = ndarray(578350,) [0.7916495  0.7435549  0.4999525  1.1574922  1.1627802  1.1647907, 1.08166    0.97027045 1.1935605  1.1732799  1.2646545  1.2446835, 1.2350184  0.60375863 0.60753846 1.1495414  1.041779   1.2489369, 1.2036027  1.0737474  0.7720289  0.9658526  0.9294841  1.

my x = ndarray(12,51): [[-0.22971345 -0.22971345 -0.22971345 -0.22971345 -0.22971345 -0.22971345,  -0.22971345 -0.22971345 -0.22971345 -0.22971345 -0.22971345 -0.22971345,  -0.22971345 -0.22971345 -0.22971345 -0.22971345 -0.22971345 -0.22971345,  -0.22971345 -0.22971345 -0.22971345 -0.22971345 -0.22971345 -0.22971345,  -0.22971345 -0.22971345 -0.22971345 -0.22971345 -0.22971345 -0.22971345,  -0.22971345 -0.22971345 -0.22971345 -0.22971345 -0.22971345 -0.22971345,  -0.22971345 -0.22971345 -0.22971345 -0.22971345 -0.22971345 -0.22971345,  -0.22971345 -0.22971345 -0.22971345 -0.22971345 -0.22971345 -0.22971345,  -0.22971345 -0.22971345 -0.22971345], [-0.06625576 -0.06625576 -0.06625576 -0.06625576 -0.06625576 -0.06625576,  -0.06625576 -0.06625576 -0.06625576 -0.06625576 -0.06625576 -0.06625576,  -0.06625576 -0.06625576 -0.06625576 -0.06625576 -0.06625576 -0.06625576,  -0.06625576 -0.06625576 -0.06625576 -0.06625576 -0.06625576 -0.06625576,  -0.06625576 -0.06625576 -0.06625576 -0.06625576 -0.06625576 -0.06625576...

my y = ndarray(12,51): [[ 2.54031211e-01  3.66943687e-01  2.17255116e-01 -3.48798325e-03,   1.64924935e-01 -4.52753305e-02  2.03415062e-02 -1.47378996e-01,   1.24126725e-01  2.80402839e-01  2.98290756e-02 -1.43434897e-01,   1.70310289e-01  4.62909639e-02  2.26469517e-01  1.15663828e-02,  -1.06683485e-01  1.64234519e-01  9.28361192e-02  3.71861234e-02,  -3.57263163e-02 -1.67931125e-01  1.31293342e-01  5.47813624e-03,   2.86548227e-01  8.50325748e-02 -2.13796362e-01  1.37635961e-01,   2.98627466e-02  1.70463137e-02 -3.14750522e-01  2.15487406e-02,  -4.96547744e-02 -1.47150800e-01  2.07453713e-01 -3.05817276e-01,   8.83176774e-02  2.42403284e-01 -1.23570435e-01  2.15441808e-01,  -2.62875319e-01 -7.77036771e-02  1.61107685e-02 -1.31918877e-01,   1.41642950e-02 -1.91059530e-01  1.91801593e-01  1.18069388e-01,  -7.86355734e-02 -2.47672647e-02  5.03328964e-02], [ 1.74252525e-01  3.28102559e-01  4.00010705e-01  5.38890660e-02,   3.53312671e-01  1.34545431e-01 -2.36554429e-01  2.74776947e-02,   2.35438924e-02  1.6124...

my dists_x = ndarray(1275,): [0. 0. 0. 0. 0. 0. 0. 0. 0. 0. 0. 0. 0. 0. 0. 0. 0. 0. 0. 0. 0. 0. 0. 0., 0. 0. 0. 0. 0. 0. 0. 0. 0. 0. 0. 0. 0. 0. 0. 0. 0. 0. 0. 0. 0. 0. 0. 0., 0. 0. 0. 0. 0. 0. 0. 0. 0. 0. 0. 0. 0. 0. 0. 0. 0. 0. 0. 0. 0. 0. 0. 0., 0. 0. 0. 0. 0. 0. 0. 0. 0. 0. 0. 0. 

my dists_y = ndarray(1275,): [0.5731951  1.2622709  0.47630644 0.39892274 0.9904738  1.4620942, 1.3088609  1.5637987  1.1231205  0.4476931  0.64117134 1.6246309, 0.90859514 1.1774908  1.2317837  1.7958508  0.36091238 1.5243293, 1.5260689  0.23216659 1.912672   0.4811042  0.278588   0.29250234, 1.5837281  0.54123724 1.6869698  0.8018477  0.53350246 1.4601117, 0.39984316 1.3367124  1.1777661  1.0821109  0.33475614 1.6644449, 0.21520472 1.6241236  1.1483994  0.6315216  0.09029251 0.676684, 1.4191574  1.3697159  1.8391519  0.43856668 1.128175   1.720619, 0.2579279  1.4356349  1.4525136  0.9167831  0.39994615 0.54714143, 0.94463164 1.2341635  1.0156649  0.42651212 0.85449183 1.0306212, 1.4720792  0.5914204  1.1032586  0.6792189  1.4692591  0.7321019, 1.3407006  1.1085808  0.49339712 1.6475008  1.2149163  0.4162349, 0.3335266  1.3167076  0.38458169 0.9202845  0.48232895 0.48965722, 1.659653   0.59513485 0.86334985 1.021633   1.2595625  0.9185143, 1.2453754  0.50366056 1.6173072  1.2064893  0.3802368  0.81440747, 1.18478...

my gamma_dx_dy = nan


